10.6110298346 12.0
14.95261994 15.0
17.1271352719 19.0
17.0144034897 18.0
11.0115700022 10.0
14.5738882795 14.0
12.5251658408 11.0
14.1172548231 15.0
8.29242123297 11.0
9.84760210551 11.0
9.79075942758 9.0
11.7919755288 12.0
13.7487537554 15.0
12.1460690009 12.0
8.88158929775 10.0
10.1182638818 10.0
11.9687526324 13.0
8.73637137698 10.0
12.1617765316 13.0
15.5565679105 15.0
14.0281864618 13.0
12.8672980928 13.0
10.1116520302 10.0
13.0700754481 14.0
9.58163125068 11.0
13.8281951776 14.0
14.5213922607 13.0
10.8306282026 12.0
11.7379112959 13.0
16.484201472 16.0
11.1636100946 10.0
10.4649735652 10.0
13.2151409098 13.0
14.8412720356 16.0
11.0614530766 11.0
14.5886060006 17.0
8.76992139048 9.0
9.64179609075 10.0
14.6580608255 17.0
14.5103870865 15.0
11.0262250238 10.0
1.97463889438 0.0
7.61881394834 8.0
6.80406619478 8.0
7.30639170863 9.0
14.5890169688 17.0
14.3388963718 14.0
10.1658134934 10.0
6.86007966803 9.0
12.1064678882 12.0
7.25503669263 7.0
8.88549949842 10.0
11.9272527957 11.0
10.2278349594 10.0
12.6952294079 14.0
14.1336960747 15.0
9.1744034888 9.0
8.42310140047 7.0
15.946538136 16.0
7.74117297868 9.0
14.3330099717 14.0
11.5150038431 12.0
13.2405685071 13.0
5.881872596 8.0
10.921933635 10.0
13.3155839813 13.0
9.06403304682 10.0
14.3010696102 15.0
10.3244825316 11.0
7.10175646413 0.0
13.8614880159 13.0
11.0064742955 11.0
10.2351875471 12.0
2.3714096206 0.0
9.97874149398 8.0
10.4689192631 11.0
17.360136817 17.0
15.0325402286 15.0
14.2010544414 15.0
5.51867912923 7.0
10.9857646956 12.0
6.94546755843 10.0
10.8373028912 11.0
13.6670555553 14.0
12.8273708305 13.0
10.2474623512 10.0
15.5933771447 15.0
11.726237267 12.0
10.6823190648 12.0
10.6531797416 11.0
11.831168401 13.0
12.5973080451 13.0
11.8334492675 12.0
11.8702933133 12.0
6.94657513171 9.0
7.09267182494 7.0
12.0576152314 13.0
10.837042557 11.0
12.9801973095 13.0
6.82886376648 10.0
9.50345363245 10.0
8.40527692132 9.0
6.02033342893 7.0
12.2983694086 13.0
12.0428682669 13.0
12.4751540178 14.0
12.1988058173 11.0
11.3651798565 11.0
11.8270444919 10.0
9.04668359238 9.0
9.30801959445 11.0
15.2302026004 17.0
11.7133140783 11.0
11.7135279344 14.0
8.48764762526 10.0
11.1718892246 13.0
14.6628063458 14.0
10.5291641749 12.0
13.6612468798 15.0
13.212122514 14.0
14.4876715346 17.0
8.91246469352 10.0
11.2391154879 13.0
12.714122587 14.0
10.7259237383 11.0
17.42940575 18.0
12.5904907314 12.0
15.0395132876 16.0
13.2218416416 16.0
13.3710252932 14.0
11.0033907059 10.0
11.7418274105 14.0
14.2516254985 17.0
11.3298500662 11.0
10.3378407375 11.0
8.99567162208 10.0
9.07644920928 10.0
10.0278423032 9.0
9.09860195689 10.0
13.2657845615 13.0
11.4043476442 11.0
11.819081649 9.0
11.6926524902 10.0
7.84494633438 8.0
9.53347843569 11.0
8.71103845393 8.0
11.2040780865 11.0
11.5717978431 12.0
10.0743881933 10.0
10.8099258654 11.0
9.72135594775 10.0
7.12278075077 9.0
4.24334106367 0.0
10.2532857391 11.0
13.0082045787 13.0
13.1421162336 13.0
14.4832960567 16.0
14.2984420213 16.0
17.0153876861 17.0
16.2921678028 16.0
9.23924757648 11.0
10.782762444 11.0
10.9248844088 12.0
13.049430369 13.0
9.88805509171 11.0
13.616620655 13.0
12.2868527006 13.0
10.9548199451 11.0
8.52828767714 9.0
10.9030593771 11.0
8.75947468184 11.0
7.07173369583 8.0
11.7778620629 12.0
11.4044008123 10.0
6.90920645474 10.0
8.89179423611 11.0
7.37595605282 8.0
10.5487898767 11.0
10.3272316101 10.0
13.4652850713 14.0
11.7478853763 12.0
9.53664935639 10.0
15.6138266939 17.0
12.0363969173 11.0
12.646376628 13.0
11.5907916268 11.0
10.4103423431 11.0
12.0630579254 12.0
18.7713946988 19.0
13.3301774757 13.0
14.7383928323 15.0
9.8524955184 10.0
11.4127717973 10.0
13.6006852286 13.0
7.77719038726 7.0
12.1742416341 13.0
8.95644932116 10.0
6.20301958122 8.0
11.4879387033 10.0
9.40530336496 10.0
6.41577842606 7.0
11.5795579932 11.0
12.3454584793 12.0
13.3099087693 14.0
8.74330846257 10.0
12.832909579 14.0
13.801641457 12.0
13.6051779298 13.0
13.0526867345 13.0
12.7222043917 12.0
10.4444127376 12.0
14.8844608324 16.0
12.8106880027 15.0
9.73066926893 11.0
10.7953860212 11.0
13.0255801868 12.0
9.069749562 9.0
11.5566411045 11.0
10.4717069291 11.0
16.0370202055 18.0
10.2926408091 10.0
13.5533186471 14.0
10.1647197029 11.0
6.30779125072 0.0
10.7532326092 12.0
8.14089369239 0.0
14.2867952153 14.0
10.9430527469 11.0
10.4972499057 10.0
16.1416731878 17.0
7.56076141543 8.0
15.2760150176 16.0
15.3298753964 15.0
10.2597768212 10.0
10.0242350395 14.0
14.1477581582 15.0
11.9199307413 13.0
12.0760689161 14.0
12.7876613338 13.0
8.09517707089 10.0
10.8728814524 10.0
16.2322685827 16.0
12.9671886396 12.0
12.915838317 13.0
13.5334258097 15.0
13.3067334087 16.0
13.366302949 13.0
16.6307434981 18.0
11.0110911189 11.0
12.7196591131 13.0
13.1762226793 14.0
5.68512338729 6.0
12.015782879 14.0
12.6007822652 14.0
9.07108051257 11.0
9.73613053231 10.0
12.6415908589 15.0
17.4633259023 18.0
8.88811531432 11.0
10.141948282 12.0
12.5934778427 13.0
11.9103815675 14.0
13.9781322872 14.0
13.1530733512 12.0
11.339051167 11.0
8.83256483842 11.0
4.9462666494 6.0
8.42197261987 10.0
13.4897395402 14.0
8.49860138753 10.0
15.8538919025 16.0
17.5028134754 18.0
10.1838847746 11.0
16.4297131217 17.0
8.64479306031 11.0
14.833227943 16.0
15.4642538569 16.0
10.8229038401 11.0
14.0392661001 16.0
13.1902857404 14.0
13.5657847923 13.0
9.43805771759 10.0
9.74017640821 10.0
9.7517313487 11.0
7.40265390057 10.0
11.2540577263 14.0
13.7985097949 13.0
11.2329530678 11.0
12.2334670026 11.0
6.68610127962 7.0
14.4974448057 16.0
10.6184270802 12.0
15.6874633343 15.0
11.0906781553 11.0
10.865826673 11.0
11.6543507395 10.0
14.6137606896 15.0
17.3263853938 17.0
12.7279527271 12.0
17.205182547 18.0
8.14030850309 8.0
13.8355829274 16.0
13.8418887962 15.0
10.0993256043 10.0
11.8647595957 13.0
9.22128436249 10.0
12.9088078578 12.0
13.2472720642 14.0
9.23568372601 9.0
13.6260111899 13.0
6.18409736795 5.0
16.3451345462 16.0
12.8320417294 13.0
11.0285950253 11.0
11.4182204542 13.0
9.03910817455 9.0
14.1820493742 15.0
13.2800975334 13.0
9.01976545375 10.0
9.71924948613 10.0
11.1585937122 12.0
13.6781649079 14.0
13.931941165 14.0
13.7411253583 10.0
8.69340370975 11.0
1.39480108479
